1.255443905114534964e-01 2.135240747215921830e-02 7.527314270993247236e-01
1.255990443056219374e-01 2.140934285302382653e-02 7.559077122401900439e-01
1.257618729041388439e-01 2.142983916619471338e-02 7.541095059698929015e-01
1.257673872390314695e-01 2.127526909232855049e-02 7.568367439925698381e-01
1.257999606428674699e-01 2.137844825920252531e-02 7.533197732195511254e-01
1.258254150090401813e-01 2.132574956847205563e-02 7.551221267655723324e-01
1.258296480279509355e-01 2.147309128477458903e-02 7.530989530965752632e-01
1.258303836198467474e-01 2.136028028148221486e-02 7.562997229690244794e-01
1.258315846760824364e-01 2.145191891990755328e-02 7.549567012633351393e-01
1.258372047300689300e-01 2.119052629627953682e-02 7.526834982757847348e-01
1.258420600959685720e-01 2.130269367037057951e-02 7.537969798006747268e-01
1.258530617841010224e-01 2.136670475280216808e-02 7.535904945648700393e-01
1.258561652479134041e-01 2.142208807579949748e-02 7.527385248115396887e-01
1.258596189623547024e-01 2.145217701868758556e-02 7.557156403276740209e-01
1.258676280325886077e-01 2.135009262258010312e-02 7.546407942491243359e-01
1.258727455283806806e-01 2.133904982720451898e-02 7.533246196840363007e-01
1.258894758832043159e-01 2.132578492436236484e-02 7.543951490641964686e-01
1.258900947967573902e-01 2.124467325321396580e-02 7.532741716854213232e-01
1.259039232970764755e-01 2.135633085509538662e-02 7.538835046981242627e-01
1.259058331696117083e-01 2.136648241527643044e-02 7.533974413742895448e-01
1.259111798174351871e-01 2.143994770510575937e-02 7.541815234561008996e-01
1.259117560287479343e-01 2.119005566238034433e-02 7.531703539134808612e-01
1.259214959043595816e-01 2.143584191708453740e-02 7.527190837354820196e-01
1.259300676458004475e-01 2.135141877845810748e-02 7.529109428637067447e-01
1.259361957776133079e-01 2.141771425999376352e-02 7.543703736172617802e-01
1.259381323510628259e-01 2.139316609418338497e-02 7.542028046335798042e-01
1.259391628580154299e-01 2.121908767705870183e-02 7.508556145303224572e-01
1.259452624287932532e-01 2.131577710503008982e-02 7.541453779847502314e-01
1.259462904865894795e-01 2.143983665902638239e-02 7.540035065752810350e-01
1.259471226833784874e-01 2.138589763402393845e-02 7.564915139966905677e-01
1.259520540844958347e-01 2.124067011729457305e-02 7.545819421848232178e-01
1.259567649818786050e-01 2.138402228052761062e-02 7.536362810354267916e-01
1.259578624097464072e-01 2.142470669092482252e-02 7.527463922903884219e-01
1.259591078974181544e-01 2.120890292864676188e-02 7.515729526632541901e-01
1.259798251231476762e-01 2.111932907560076095e-02 7.547298617636598594e-01
1.259906069573955567e-01 2.142465907436038458e-02 7.536029533449846163e-01
1.259921103771656503e-01 2.118595994182912237e-02 7.534072422224216137e-01
1.260020684259130219e-01 2.130710870041984881e-02 7.537195846509762154e-01
1.260060981797687107e-01 2.124841681250262335e-02 7.554296905604143131e-01
1.260219430849931765e-01 2.138988438169197107e-02 7.540274986001940238e-01
1.260242356462116797e-01 2.124435872316570231e-02 7.527669279682661641e-01
1.260265585238957986e-01 2.142768551706392133e-02 7.543962901956950962e-01
1.260268978119782335e-01 2.119823176158712810e-02 7.544562696178408467e-01
1.260294446762091347e-01 2.130758832261387195e-02 7.532765269135085484e-01
1.260298981038514288e-01 2.139326957165358853e-02 7.549023657760245420e-01
1.260336854912164073e-01 2.124667874561816591e-02 7.528861536103641505e-01
1.260341419137618879e-01 2.118456247069110121e-02 7.513357408955313455e-01
1.260343212319616768e-01 2.129818370209191764e-02 7.521154381559418400e-01
1.260354295134477887e-01 2.135371853461735109e-02 7.554324232217435320e-01
1.260372932548314284e-01 2.128520647208742220e-02 7.559933607884953277e-01
1.260381666583256788e-01 2.136471838037614160e-02 7.553451244566576905e-01
1.260382029120276359e-01 2.131623833387686143e-02 7.550650613519964693e-01
1.260387976679633593e-01 2.140322806316657944e-02 7.559405607423997919e-01
1.260427106668000619e-01 2.133314971232111099e-02 7.532469722003939383e-01
1.260515943740954103e-01 2.115261695604259140e-02 7.507805222343537643e-01
1.260575729457344973e-01 2.111572141594487972e-02 7.542961326106090159e-01
1.260641984438963525e-01 2.120746167632070120e-02 7.529330300248079366e-01
1.260658211390622285e-01 2.139989180919013231e-02 7.564625484785150178e-01
1.260781608909896101e-01 2.122545101172843354e-02 7.523582228201630695e-01
1.260953796605812915e-01 2.129862182837546566e-02 7.531207381892406350e-01
1.260992257987563481e-01 2.119526876761292783e-02 7.531175331470931766e-01
1.261000256608901249e-01 2.132178398237400546e-02 7.537230109907712139e-01
1.261063087957987883e-01 2.132585871074217307e-02 7.541521694192716563e-01
1.261093574951444307e-01 2.123922499974360140e-02 7.538964863779149539e-01
1.261100076506954382e-01 2.116534265902645512e-02 7.541085739471889982e-01
1.261119576227858197e-01 2.130333986049428446e-02 7.538078966359180733e-01
1.261147420480668579e-01 2.128848756866865907e-02 7.533610734824137678e-01
1.261168039075968028e-01 2.117491116898672157e-02 7.532229530810389262e-01
1.261297753870987137e-01 2.130124960788023700e-02 7.546487760876108286e-01
1.261305724305094578e-01 2.118119370477199864e-02 7.552433872989717800e-01
1.261322548178425984e-01 2.125050595525345212e-02 7.537211710986941871e-01
1.261377534026597580e-01 2.119181169044178151e-02 7.520534963405864914e-01
1.261645821660496991e-01 2.124400491192329418e-02 7.546679423067720327e-01
1.261758481978737523e-01 2.138599003268094531e-02 7.542956123888988618e-01
1.261925768534712666e-01 2.121712301174838097e-02 7.530505027478625601e-01
1.261969488621356994e-01 2.118958473114013197e-02 7.541676332115406778e-01
1.261990134229334648e-01 2.126089554640200885e-02 7.547043735588357949e-01
1.262023208350781800e-01 2.118447014351363886e-02 7.544597282298821650e-01
1.262146071404555980e-01 2.124527200136583707e-02 7.534347968941484952e-01
1.262231562132839213e-01 2.127296149855219601e-02 7.533389506806289493e-01
1.262581226316393801e-01 2.116016722732885769e-02 7.532934320358064539e-01
1.262601731513153802e-01 2.125701795958336374e-02 7.523603265620902869e-01
1.274381847401974133e-01 2.075190452205424169e-02 7.484168442108266595e-01
1.275262360607886947e-01 2.086683331651657813e-02 7.467682958380817970e-01
1.275618193808431000e-01 2.087817193450617823e-02 7.519588372723312597e-01
1.275931871964270936e-01 2.088239803221443938e-02 7.561603944390047349e-01
1.276486714315509807e-01 2.084451399417447739e-02 7.491960584443967397e-01
1.276986235486266830e-01 2.076956386644820962e-02 7.471953920698501950e-01
1.277321491173007972e-01 2.079930934961769784e-02 7.523342833306368993e-01
1.277455599481925608e-01 2.081778690515919544e-02 7.485481488417681240e-01
1.277986454853649589e-01 2.077762404729221329e-02 7.518070467680623148e-01
1.278202953420378984e-01 2.041204836903604686e-02 7.493120384221915176e-01
1.278770245899225888e-01 1.966870673930967012e-02 7.500326960912720997e-01
1.278955534345436740e-01 2.075541569053482652e-02 7.407483301049926361e-01
1.279024239468868618e-01 2.074495286125206325e-02 7.459030388723186800e-01
1.279072728975670648e-01 2.081504865339402904e-02 7.518573933782228824e-01
1.279581417163380697e-01 2.235074388877914334e-02 7.451533329947348516e-01
1.279749105992495917e-01 2.015010540219101809e-02 7.507191792545803155e-01
1.279785161490201439e-01 2.074080956651692606e-02 7.431568597143295429e-01
1.283437580282650869e-01 2.093969297443505281e-02 7.491783414025205978e-01
