1.099827211396498805e-01 1.905547691400029039e-02 1.075238677061027381e+00
1.107416457932167697e-01 1.972051847095639132e-02 1.114989367942225806e+00
1.110989536140076228e-01 1.955326198942434687e-02 1.083965493629297949e+00
1.114529439464742311e-01 2.072344780679807180e-02 1.158184517978303907e+00
1.141776061709865592e-01 1.978645255057579627e-02 1.321734358819119493e+00
1.190361221447834850e-01 2.144092896463635142e-02 9.015187678447426078e-01
1.260229745903209131e-01 2.107893542882693233e-02 7.865588294871750374e-01
1.261203032683764491e-01 2.186801837942697543e-02 7.848621493944077931e-01
1.261885294495061205e-01 2.096041968373062864e-02 7.798714791622434195e-01
1.262072431249350868e-01 2.171341473556372831e-02 7.806868242426191484e-01
1.262505109167366413e-01 2.089051677437341395e-02 7.834665336515763689e-01
1.262888264097196400e-01 2.083584262976798107e-02 7.808903354758206516e-01
1.263064480361968667e-01 2.095466852872677685e-02 7.748868497588489168e-01
1.263539425581053088e-01 2.138421335620025940e-02 7.786722222378252845e-01
1.263685518167151356e-01 2.096771975093893181e-02 7.795991959480451650e-01
1.263883285791617683e-01 2.052559997445974407e-02 7.743321240791435356e-01
1.264023889688310198e-01 2.148574416661041403e-02 7.751149880058729735e-01
1.264026194305759854e-01 2.113783639574015258e-02 7.732666560436275427e-01
1.264097200359759199e-01 2.154809232513927100e-02 7.721680007086578756e-01
1.264281937722646632e-01 2.153307524306650317e-02 7.763383388412420372e-01
1.264282225430809758e-01 2.150750994104028493e-02 7.769977954957577593e-01
1.264366179025217529e-01 2.125461683113148703e-02 7.763692094465205473e-01
1.264416409184892232e-01 2.149562381087469567e-02 7.738541940349977777e-01
1.264420885543025286e-01 2.093631541356814549e-02 7.743855117974830504e-01
1.264800248737845689e-01 2.168614763514433580e-02 7.759953051849997063e-01
1.264902179741063670e-01 2.169945221308806210e-02 7.755576698530305402e-01
1.265020010262142836e-01 2.148870612427287996e-02 7.739103695321012388e-01
1.265059931489824485e-01 2.116221024215218446e-02 7.708803901481701137e-01
1.265151598690048007e-01 2.125766615963741585e-02 7.698984750300928992e-01
1.265160246241725794e-01 2.218314059872514288e-02 7.705415761641437600e-01
1.265368529286685084e-01 2.119894069136295592e-02 7.732631839453200095e-01
1.265572951423475367e-01 2.171911609230906676e-02 7.713447174345410273e-01
1.265656603409426317e-01 2.113556865950790009e-02 7.676896672098345586e-01
1.265693446764081520e-01 2.101579239300584157e-02 7.715495271403686184e-01
1.265854344858682590e-01 2.089809938424269306e-02 7.706253973072600960e-01
1.265872232040201606e-01 2.176098313988458419e-02 7.718808753670493017e-01
1.265889697817335346e-01 2.108095447168979383e-02 7.688686952104087924e-01
1.266012711085233722e-01 2.066935988370737290e-02 7.695016192382259090e-01
1.266050658230900572e-01 2.122955235934502818e-02 7.666699035419689556e-01
1.266425925616679049e-01 2.139899848351501169e-02 7.670930903943481427e-01
1.266442375458814718e-01 2.164551398332868401e-02 7.688050519962472684e-01
1.266585613073547834e-01 2.133856060286486167e-02 7.664264034679653115e-01
1.266644483634900842e-01 2.123987288141416380e-02 7.648054899354430614e-01
1.267146332026497513e-01 2.139081645860160807e-02 7.627843584931456311e-01
1.267190327226962454e-01 2.126695490973129488e-02 7.652598109477772859e-01
1.267258454686829849e-01 2.141028091035928477e-02 7.645419802316909541e-01
1.267387722660993643e-01 2.146544278153228111e-02 7.650383027608559372e-01
1.267671897813471837e-01 2.133424407394566430e-02 7.651455979492483017e-01
1.267732330024760046e-01 2.072296787500114632e-02 7.637767065310687720e-01
1.267739977744519464e-01 2.173979731693991349e-02 7.640788258695266899e-01
1.267755139878422865e-01 2.069631212296065698e-02 7.653992519775626446e-01
1.267942819400864896e-01 2.099161559754012321e-02 7.627378946438269081e-01
1.268040969838505894e-01 2.148442439361650941e-02 7.641718805150353733e-01
1.268128927871434719e-01 2.137980308205992760e-02 7.616286343427149941e-01
1.268174813249931254e-01 2.128766154755038983e-02 7.603885327199357835e-01
1.268184687758684148e-01 2.087008207538200780e-02 7.619985091459968718e-01
1.268222787491815606e-01 2.124713150659000502e-02 7.600232651342110346e-01
1.268266738090746137e-01 2.158340239411149844e-02 7.613393571283029182e-01
1.268276183234889332e-01 2.137769651361620324e-02 7.631548255423316052e-01
1.268367014051899888e-01 2.172860703372844066e-02 7.604688183444645588e-01
1.268454565724131122e-01 2.210339603849361886e-02 7.606318115317048933e-01
1.268470114123323444e-01 2.135724977076668835e-02 7.608956582663646273e-01
1.268573427538156329e-01 2.014330549980744567e-02 7.604703367760123900e-01
1.268578060314466960e-01 2.109780749118072077e-02 7.595937980466838102e-01
1.269008995739453194e-01 2.150871591191642895e-02 7.586689023335199122e-01
1.269227752277787002e-01 2.041332175566116722e-02 7.617298550374315136e-01
1.269505319484689199e-01 2.150363372611431914e-02 7.571331146739911366e-01
1.269547449053611277e-01 2.008554988508345560e-02 7.577567916572278683e-01
1.269628430631809524e-01 2.075971054459900544e-02 7.576163216148722457e-01
1.270009806746116576e-01 2.181584508032716890e-02 7.517141711203184640e-01
1.270042520347935133e-01 2.126046863779673321e-02 7.559721652803222947e-01
1.270069776875258627e-01 2.162959906110683075e-02 7.553159649199895354e-01
1.270146662598957699e-01 2.130742934764779870e-02 7.546928657746516667e-01
1.270161209762244725e-01 2.143918480824589384e-02 7.564296029540977795e-01
1.270203635413547083e-01 2.096943555372245832e-02 7.554123366549414520e-01
1.270245971448784317e-01 2.005368780569093470e-02 7.582080270311869485e-01
1.270325366007784007e-01 2.034332350831172254e-02 7.585919357437159727e-01
1.270373957162746759e-01 2.096769513077820918e-02 7.540711680747882451e-01
1.270458014083002130e-01 2.167704003886869457e-02 7.542818042420154079e-01
1.270556839123153092e-01 2.148673344724398235e-02 7.539758238467899609e-01
1.270614593687675042e-01 2.206619371283878930e-02 7.541996038826179749e-01
1.270687335742244906e-01 2.154404196715935249e-02 7.532278601168436172e-01
1.270773807770742003e-01 2.132317113025591904e-02 7.529229768001297618e-01
1.270870768937986395e-01 2.104878250393119737e-02 7.536264975079093320e-01
1.270997635631221923e-01 2.110658668135703339e-02 7.530902970224992998e-01
1.271131696545176049e-01 2.014891256127265134e-02 7.528660248950002076e-01
1.271308220670222533e-01 2.173182519087892700e-02 7.479380567547322389e-01
1.271312707656265251e-01 2.005346967673846126e-02 7.543364807906074443e-01
1.271668038664627853e-01 2.118277368618447232e-02 7.488268616503934716e-01
1.271745522598717038e-01 2.106138796900978299e-02 7.514183211603446821e-01
1.271827877660985096e-01 2.095748661179723527e-02 7.522390860574347249e-01
1.272402973457722741e-01 2.137870783958112364e-02 7.488956111011279004e-01
1.273114084222283782e-01 2.171246954286511904e-02 7.436105668550186953e-01
1.273439741651932744e-01 2.070365902204317210e-02 7.434395569232572498e-01
1.273662341510613250e-01 2.022035625769775385e-02 7.463639618901860562e-01
1.273980778813705583e-01 2.182989814852039079e-02 7.447103464252722294e-01
1.274016684274955624e-01 2.036937168722739375e-02 7.431682436258327806e-01
1.274434566596614193e-01 2.088989325421456919e-02 7.415572802629835092e-01
1.274442571646379474e-01 2.108794631454427235e-02 7.454887173768302011e-01
1.274951947669902552e-01 2.162445884406217697e-02 7.416492950160041842e-01
