1.125528380329350736e-01 2.389734364219060075e-02 1.039370270261311680e+00
1.126191050497532958e-01 2.256878992019597033e-02 1.022626415191919325e+00
1.126370139904469964e-01 2.296919780255922763e-02 1.053379438882413366e+00
1.126561037351705569e-01 2.092922098617944898e-02 1.022664775606894505e+00
1.127955897159423071e-01 2.364618371432338287e-02 1.050510646400557579e+00
1.128084424232931315e-01 2.240217460128732588e-02 9.683450934668531573e-01
1.128404869999592303e-01 2.110192409699743199e-02 9.267679183793616771e-01
1.128737436122141530e-01 2.237870253310875190e-02 9.579472994704366640e-01
1.128805388967200896e-01 2.233780023799419173e-02 9.002633241042985457e-01
1.129249305273774540e-01 2.324412113491359025e-02 9.777576580816942364e-01
1.129357269719842988e-01 2.357144030264346490e-02 9.769513544761833090e-01
1.129878918687344108e-01 2.310164320861738882e-02 8.629664410468801394e-01
1.130463497328923622e-01 2.306634180582784258e-02 9.518148736605778204e-01
1.131000149827161572e-01 2.395736443834004317e-02 9.771404638267021658e-01
1.131188078124442248e-01 2.255807862521285248e-02 9.399039755136140428e-01
1.132251780344956521e-01 2.308725739832510546e-02 9.859729126336348459e-01
1.132901205577998976e-01 2.229678901509619601e-02 7.021837461301949634e-01
1.132907910245334882e-01 2.237689238230464520e-02 1.081485076535938061e+00
1.133619370398893378e-01 2.312218053954933489e-02 1.071008364584110417e+00
1.134136189787752075e-01 2.321619569731433325e-02 9.705759678971197513e-01
1.134200273354496608e-01 2.316277918339580688e-02 8.762783719136090221e-01
1.134307201791972669e-01 2.243259099355351255e-02 9.753570130537247973e-01
1.134405059784391739e-01 2.168626257970171847e-02 1.001378231043849265e+00
1.134864100295338712e-01 2.257760675505128198e-02 1.088568682532796039e+00
1.135008039077666231e-01 2.311905580946628166e-02 1.071017025274245249e+00
1.135076551407751821e-01 2.246280181760285793e-02 8.640378193476953017e-01
1.135516929739858738e-01 2.307837155155314027e-02 9.837955824722498521e-01
1.136418834489603680e-01 2.335729425427288120e-02 9.141777578076524247e-01
1.136822848966718841e-01 2.338280361492068443e-02 8.446180995406009639e-01
1.137257308564830482e-01 2.320683455295538544e-02 9.236612051578491078e-01
1.137266978675888912e-01 2.264863687564973305e-02 7.588621932529111547e-01
1.137471877287215272e-01 2.376942325104246245e-02 1.075570745526213567e+00
1.137859096673726894e-01 2.299918004149325082e-02 8.777582524208487058e-01
1.138698026514291528e-01 2.331504352536403410e-02 9.504108584838056872e-01
1.138923988069185378e-01 2.227995660994898028e-02 9.147399938739640968e-01
1.139451438671355010e-01 2.225160341665025771e-02 1.080665677163541005e+00
1.140107486918443408e-01 2.387211288806400170e-02 1.048514036895100032e+00
1.141679519245636931e-01 2.309703860728061151e-02 9.762746941407363099e-01
1.142467395824810772e-01 2.239091391041071050e-02 8.813257393333160383e-01
1.142858697266843915e-01 2.334886603032399616e-02 9.567062289366232708e-01
1.143736613833945537e-01 2.322533433442629941e-02 9.217435227898799210e-01
1.144165678125349112e-01 2.231975452351247363e-02 9.040931302748190790e-01
1.144324529732350798e-01 2.198191529761240118e-02 9.903282554016535899e-01
1.144327805504906787e-01 2.243049429578579737e-02 1.066266306912191597e+00
1.145225335129505945e-01 2.238415977630142661e-02 8.407683801403735835e-01
1.146068292776013103e-01 2.190212387820082360e-02 9.775179801550337721e-01
1.147799440283701206e-01 2.186904639125645047e-02 1.013441725151726924e+00
1.148237108293750641e-01 2.280644440711763338e-02 9.521429514933203997e-01
1.148892097033631376e-01 2.268051511235832929e-02 1.011971933818809122e+00
1.148928098224398647e-01 2.283958177644485402e-02 9.376222022468265749e-01
1.149795918956860591e-01 2.233057351667022683e-02 9.628568931681024123e-01
1.150235240382371099e-01 2.240733762040320043e-02 1.023467742307657469e+00
1.150882359267165339e-01 2.288259010898204687e-02 9.874079142981786461e-01
1.151670486994275516e-01 2.307529258498646971e-02 9.155510469466641155e-01
1.151773905603204612e-01 2.262851130562627128e-02 9.579944670500556425e-01
1.151979457007872437e-01 2.299467183230836237e-02 8.593660328245390501e-01
1.152978599842125335e-01 2.373021339214214168e-02 8.965306112601062472e-01
1.153163840314282845e-01 2.329624697544771181e-02 8.279008763105175639e-01
1.154162541346590992e-01 2.259125489077106960e-02 1.051403901017316400e+00
1.155467615607233128e-01 2.297681483478788284e-02 8.662254610659392284e-01
1.156772003698629397e-01 2.228979278850137802e-02 9.236694984785259743e-01
1.158055750483960866e-01 2.283041596797804468e-02 9.861216044572246320e-01
1.160513253942216938e-01 2.305190004869368814e-02 8.798026325285533966e-01
1.160928715772841097e-01 2.319218176464842712e-02 9.637594878758828365e-01
1.161263617115462499e-01 2.011683334843684945e-02 1.081679016901473167e+00
1.161960766359361186e-01 2.171856791298939007e-02 9.402425482038737625e-01
1.163582573335661952e-01 2.352254916041390115e-02 7.947302541576566348e-01
1.164248504463295947e-01 2.219302376483034411e-02 8.596496266685724752e-01
1.164518487711014710e-01 2.237520302409952769e-02 8.867677337487900324e-01
1.164558060702805264e-01 2.242820744822066059e-02 1.022452480009298892e+00
1.165224268442332234e-01 2.261623199607988924e-02 9.880056141728289498e-01
1.166008474678064122e-01 2.283346055309374081e-02 9.202186140209770437e-01
1.167108175222531102e-01 2.283512037460588839e-02 8.382584207956709221e-01
1.167807011409639634e-01 2.285153822540894955e-02 1.058952474818256162e+00
1.168343690366809851e-01 2.182023819418855287e-02 9.998892262629356376e-01
1.168581492461292365e-01 2.233305274419362940e-02 1.092456097079455013e+00
1.168625023691752668e-01 2.206884730791110541e-02 9.591121833150176856e-01
1.169367347822704573e-01 2.302028247983636117e-02 7.581434484129933038e-01
1.169860976184366047e-01 2.283318031124258532e-02 9.351872867200062833e-01
1.171001323471532324e-01 2.176362457492206359e-02 8.440656130409834867e-01
1.171159350444368752e-01 2.145427165706761258e-02 8.968857700966509361e-01
1.171501057866701501e-01 2.316965325819251090e-02 1.085893853257382524e+00
1.171741629606847246e-01 2.231700835678451442e-02 9.511115647926193795e-01
1.172385147817164297e-01 2.231754456964954100e-02 9.319855237672580728e-01
1.172798573426405977e-01 2.215381340485930023e-02 9.023952517020790154e-01
1.172808106389990890e-01 2.279643142068966261e-02 1.035354643954462750e+00
1.176074535125998660e-01 2.209625964601670545e-02 9.132817053386363959e-01
1.178239499435854432e-01 2.215775927687989311e-02 1.063080393478450736e+00
1.179360879183520006e-01 2.255182618518970436e-02 9.847177653722446466e-01
1.181315195560975750e-01 2.232198311864977414e-02 1.008170789012838409e+00
1.182808643508441032e-01 2.153335272544760343e-02 7.615697794150432243e-01
1.185115823034438159e-01 2.261315450404328617e-02 9.815877424531365136e-01
1.185273743346555442e-01 2.270840714495082902e-02 9.307467966966356254e-01
1.186591917714213962e-01 2.147292900643555172e-02 9.228438060195718329e-01
1.187501643901563708e-01 2.158321001294161157e-02 9.174460861507005571e-01
1.193170778197256143e-01 2.230613397805130543e-02 1.005906780682383594e+00
1.194576287874209997e-01 2.223817093138830830e-02 1.091771008392866227e+00
1.199512994529081250e-01 2.248657303704906796e-02 1.026832674366313647e+00
1.213763488561863946e-01 2.212587911402748991e-02 8.384932317469085961e-01
1.217285794060376514e-01 2.029287831903790751e-02 7.851347601452588476e-01
