1.095966720575148462e-01 9.811589952543331439e-03 7.486231688551514551e-01
1.115726506047574756e-01 1.174095467506480750e-02 7.445202209475005883e-01
1.122407381499414547e-01 1.027253931762684216e-02 7.612658768701984213e-01
1.128464269917203860e-01 9.650779065802288920e-03 7.490465602343285845e-01
1.151287832076051676e-01 8.548914858005036282e-03 7.578104424737952538e-01
1.152212083093816786e-01 1.312244903792402981e-02 7.646794864705251937e-01
1.153103391849666787e-01 1.345792888231964711e-02 7.592215394424686181e-01
1.153904877180582239e-01 1.384966913613138589e-02 7.703841273714817639e-01
1.155194810948750178e-01 1.100566539768966720e-02 7.509201926398292315e-01
1.169863903045591375e-01 1.388200687967940800e-02 7.688126784316995366e-01
1.179535652076499491e-01 2.061246355516047415e-02 7.548135482178592870e-01
1.187847835679744779e-01 2.036343517807671921e-02 7.598360796429300956e-01
1.192527146233297308e-01 2.029034653724588050e-02 7.596287173820137628e-01
1.194844594341409189e-01 2.015143983752323842e-02 7.557019468067852630e-01
1.195285910125900436e-01 2.051033299208302255e-02 7.575262257691584011e-01
1.197721461416569322e-01 2.034077724375776136e-02 7.592767784983882606e-01
1.199070296566227961e-01 1.111673209567714746e-02 7.758750191677173946e-01
1.199658399526411373e-01 2.025572518680020945e-02 7.559540558844212166e-01
1.203312089954378522e-01 9.658205746699146527e-03 7.636904540799472896e-01
1.205368289918840041e-01 1.357968565171775374e-02 7.562977235474424020e-01
1.206857704659836522e-01 8.756448466987674234e-03 7.633112502318243342e-01
1.208605155637020451e-01 2.024466056166155173e-02 7.538143658493670074e-01
1.209893818771924923e-01 1.227209375019169130e-02 7.579392542477217942e-01
1.210244174425924857e-01 2.387364775905779710e-02 7.613348885535178301e-01
1.211028788334562456e-01 1.194418821808148831e-02 7.692391408926511076e-01
1.212013787655137759e-01 1.202827700142830233e-02 7.621880245981437207e-01
1.213612940885798880e-01 1.092372853290178233e-02 7.651339058568593643e-01
1.214064423179792157e-01 1.059442112392062693e-02 7.696396383084500581e-01
1.215149437517267089e-01 2.382290952835956419e-02 7.576598572962776057e-01
1.216896160934340526e-01 2.397093998839465792e-02 7.605153783358450381e-01
1.217428408485698166e-01 9.890387249991354490e-03 7.537327891016808445e-01
1.218363692821325256e-01 8.718566577533778256e-03 7.614148614501360379e-01
1.218832420132813649e-01 2.383480673102248565e-02 7.636412959390447286e-01
1.219878037603151916e-01 1.340191678549357973e-02 7.584987155942712889e-01
1.219923947113454865e-01 2.384754748190629978e-02 7.629377838194127959e-01
1.220687584781214863e-01 2.374854578892442170e-02 7.638588646561367268e-01
1.220795337845298478e-01 2.376605093735519730e-02 7.550550007155560905e-01
1.221481454117994969e-01 1.003121087685719670e-02 7.497091456260411846e-01
1.222221205851007908e-01 7.987734097999178023e-03 7.583964438785667506e-01
1.223498436694729768e-01 1.312659520864973769e-02 7.644271457335550801e-01
1.223675038213724448e-01 2.397893945447276617e-02 7.591329944942977193e-01
1.226085058241255799e-01 2.392126528909072763e-02 7.603965691744277722e-01
1.226672725000135800e-01 1.186337276613957242e-02 7.597183216543822448e-01
1.228190389385511727e-01 2.395235366220472076e-02 7.610654495645945428e-01
1.228745209620827616e-01 2.394216083572419523e-02 7.581874971980089306e-01
1.230771309544899383e-01 2.115476295913428992e-02 7.612476268671002355e-01
1.231446999144764076e-01 1.128776767831861719e-02 7.580040672346383124e-01
1.232570030691204216e-01 1.040618311388578562e-02 7.497168227986522604e-01
1.232698320881009668e-01 2.017850351779711116e-02 7.568007444044980714e-01
1.234259295798428718e-01 2.139911973584596172e-02 7.629677373762639991e-01
1.234503182256327103e-01 2.006756298144199424e-02 7.555619980384499224e-01
1.235174257011887322e-01 2.233112703798065604e-02 7.570099130168277402e-01
1.236592145967221196e-01 2.792264085746895552e-02 7.565099316130560192e-01
1.236719961149451014e-01 2.019768643589161736e-02 7.577073471496243995e-01
1.236953362690490776e-01 9.384655903510171621e-03 7.561230486936696416e-01
1.238886159984609325e-01 1.071601638904005546e-02 7.569200543381298107e-01
1.238999089885855637e-01 2.002374707193591008e-02 7.588664585065729717e-01
1.239654446174639907e-01 2.005299346902110133e-02 7.568821543334721680e-01
1.239969119362176325e-01 2.007201307802035026e-02 7.570640564525362715e-01
1.240213215715113004e-01 2.059478189463568795e-02 7.612965742332284957e-01
1.240923031660058629e-01 2.025990831966478778e-02 7.612850008809989300e-01
1.241972742879947078e-01 1.221421191627742459e-02 7.585641765134900627e-01
1.241991296121426752e-01 2.033587468253192712e-02 7.590930213438173979e-01
1.244092163082363423e-01 2.047069302540888841e-02 7.580376409187505882e-01
1.244130276501036608e-01 2.835743242003418985e-02 7.596760126332742225e-01
1.244160336871492634e-01 2.809464405482063609e-02 7.563985744588255233e-01
1.244566874473908846e-01 2.007805483102345287e-02 7.581815721417274334e-01
1.244619474769884243e-01 2.053004814784263263e-02 7.577245415501067116e-01
1.245253629746373714e-01 2.017833037794601950e-02 7.578122441138540610e-01
1.245743686995922500e-01 2.012689752316579664e-02 7.558063641129624255e-01
1.246269717661039333e-01 2.799510497324700711e-02 7.494617659304048107e-01
1.247018990135658201e-01 2.063042704077768658e-02 7.576066344336295222e-01
1.247460252281892140e-01 2.028438593662312481e-02 7.558542802037891972e-01
1.248003148519805372e-01 2.859847469217192614e-02 7.569859324478154239e-01
1.248014723079387822e-01 2.894247849622011426e-02 7.599550530332532805e-01
1.248489401616235950e-01 2.011631639260424639e-02 7.564652594625221882e-01
1.248758129940205769e-01 2.872240444440909979e-02 7.589251702275555678e-01
1.249455270304050403e-01 1.267523127174229394e-02 7.623900613758085587e-01
1.253103210479404872e-01 2.017115776265879581e-02 7.518901648171879559e-01
1.253857595426605132e-01 3.132983776462099079e-02 7.577954814369859404e-01
1.255629113172194722e-01 3.018187269239826220e-02 7.551317822414267411e-01
1.255643410752360911e-01 2.890088575158146142e-02 7.580829794391413801e-01
1.256064180944091169e-01 3.039853688822939312e-02 7.588015339917669744e-01
1.258972207570061841e-01 2.884489501899079739e-02 7.575885424440831351e-01
1.263968587609815009e-01 3.170726880818293403e-02 7.526162519995265310e-01
1.267877582007368997e-01 3.081048950815814744e-02 7.550185780156415394e-01
1.269562481113748198e-01 3.367399059699278940e-02 7.520600490174411679e-01
1.270982031334581264e-01 3.111803831151394376e-02 7.610765698966501791e-01
1.274489812275715339e-01 3.272881562852119480e-02 7.566309036885745520e-01
1.274593477576373979e-01 2.979241018404908334e-02 7.508590667519574602e-01
1.275072653672815748e-01 3.104360073991988336e-02 7.571021085893671065e-01
1.277570043994636639e-01 3.344787786268699215e-02 7.620217520484822149e-01
1.278643759808524016e-01 3.308518883293492391e-02 7.619948649256143014e-01
1.280113348179579280e-01 3.203660553873323436e-02 7.621894127814539122e-01
1.280950071599044893e-01 3.351447752818664805e-02 7.610275330837281693e-01
1.281193034477746406e-01 3.258552297242463952e-02 7.615565580883012498e-01
1.282352087322033984e-01 2.989799152587640715e-02 7.445090280930153348e-01
1.284075004375433704e-01 3.284142148176188991e-02 7.548413744472439735e-01
1.285210820138753818e-01 3.352323885784502799e-02 7.612242826699290310e-01
1.290083642882533244e-01 3.252549150103225400e-02 7.612558523784165310e-01
